	number	access	charge	hydro	hyindex	polar	volume
A	0	0.146567718	0	0.0125	0	0	0.169461078
R	0.05	0.614100186	1	-0.177083333	0.25	1	0.725748503
N	0.1	0.249845393	0	0.052083333	1	0	0.389820359
D	0.15	0.215831787	-1	-0.041666667	1	-1	0.304191617
C	0.2	0.429189858	0	0.102083333	0	0	0.313772455
Q	0.25	0.348175634	0	0.064583333	1	0	0.531137725
E	0.3	0.315398887	-1	-0.020833333	0.5	-1	0.482035928
G	0.35	0	0	0.04375	0	0	0
H	0.4	0.574520717	0	-0.466666667	0.5	0	0.554491018
I	0.45	0.58812616	0	0.725	0	0	0.649700599
L	0.5	0.62585034	0	0.729166667	0	0	0.649700599
K	0.55	0.325293754	1	-0.3375	0.25	1	0.692215569
M	0.6	0.680272109	0	0.04375	0	0	0.611976048
F	0.65	0.811379097	0	1	0	0	0.77245509
P	0.7	0.185528757	0	0.147916667	0	0	0.37245509
S	0.75	0.140383426	0	-0.129166667	1	0	0.171856287
T	0.8	0.269635127	0	0.135416667	1	0	0.348502994
W	0.85	1	0	0.477083333	0.25	0	1
Y	0.95	0.70995671	0	0.39375	1	0	0.796407186
V	1	0.482993197	0	0.33125	0	0	0.48742515
-	0.9	0.9	0.9	0.9	0.9	0.9	0.9
