	number	access	charge	hydro	hyindex	polar	volume
A	0	0.140571429	0	0.230188679	0	0	0.14661215
R	0.05	0.905142857	1	0.226415094	0.25	1	0.792056075
N	0.1	0.509714286	0	0.022641509	1	0	0.401869159
D	0.15	0.515428571	-1	0.173584906	1	-1	0.339369159
C	0.2	0	0	0.403773585	0	0	0.299649533
Q	0.25	0.608	0	0	1	0	0.553154206
E	0.3	0.602285714	-1	0.177358491	0.5	-1	0.518107477
G	0.35	0.102857143	0	0.026415094	0	0	0
H	0.4	0.402285714	0	0.230188679	0.5	0	0.589369159
I	0.45	0.083428571	0	0.837735849	0	0	0.598130841
L	0.5	0.138285714	0	0.577358491	0	0	0.592873832
K	0.55	1	1	0.433962264	0.25	1	0.612733645
M	0.6	0.205714286	0	0.445283019	0	0	0.609813084
F	0.65	0.114285714	0	0.762264151	0	0	0.800233645
P	0.7	0.411428571	0	0.735849057	0	0	0.367406542
S	0.75	0.302857143	0	0.018867925	1	0	0.191004673
T	0.8	0.337142857	0	0.018867925	1	0	0.325350467
W	0.85	0.219428571	0	1	0.25	0	1
Y	0.95	0.453714286	0	0.709433962	1	0	0.801401869
V	1	0.093714286	0	0.498113208	0	0	0.439836449
-	0.9	0.9	0.9	0.9	0.9	0.9	0.9
